1261
1205 32
16 32
577 32
197 124
162 95
637 32
702 95
592 32
472 32
390 32
407 95
914 45
453 45
849 32
66 32
545 32
529 32
42 32
45 10
112 32
1043 32
1168 32
1038 32
565 32
410 92
678 32
336 32
680 32
1167 32
393 32
266 32
750 32
463 32
783 32
24 95
663 32
106 32
1217 32
1102 10
33 32
514 32
239 32
870 46
817 32
49 32
1074 124
25 95
90 32
820 32
1008 32
208 47
19 32
788 32
318 32
777 32
734 32
319 32
607 32
188 32
148 32
69 32
497 32
574 32
305 32
546 32
557 92
485 32
1243 92
540 32
1256 32
780 32
387 32
1196 32
1059 32
522 45
67 32
859 32
1195 92
492 32
1022 32
801 32
89 32
1001 32
904 32
1165 32
395 32
793 32
1211 32
825 95
73 32
1112 47
1141 124
1173 32
307 92
343 32
176 32
937 32
955 32
489 32
388 32
571 32
735 47
1135 32
257 32
399 32
1197 32
17 32
1138 46
1140 32
332 32
117 32
121 46
374 32
211 96
491 32
317 92
653 32
527 32
209 46
536 32
779 32
354 95
195 32
481 10
1090 32
1136 124
649 32
1252 70
357 96
668 32
220 95
531 32
729 32
869 46
143 32
1067 32
776 32
553 32
1037 32
154 32
271 95
1004 32
127 32
851 32
1240 32
598 32
189 32
661 47
417 32
1054 32
118 32
975 32
794 32
335 32
177 32
1227 32
1035 32
1058 32
1062 32
401 32
1042 92
1246 32
397 32
368 39
362 47
280 32
985 95
687 32
371 92
1237 32
1033 46
203 32
132 32
1164 47
795 32
563 32
582 32
613 32
478 39
1122 32
690 32
416 39
902 32
997 32
137 32
449 32
344 32
941 124
672 32
958 32
181 32
1215 32
100 32
658 32
839 32
948 32
803 32
944 32
386 32
441 32
232 32
159 124
509 32
173 32
961 46
274 10
1065 32
38 32
102 32
462 32
22 32
689 32
1172 32
408 96
1015 32
629 32
925 47
1224 32
959 47
1077 32
500 32
694 32
552 124
1186 32
994 124
256 124
1257 32
712 45
316 32
1110 32
123 32
648 32
666 32
194 32
74 96
599 32
1050 32
1094 92
29 32
999 32
54 32
179 32
502 32
867 124
392 32
1039 92
980 32
61 32
1101 32
932 45
979 32
327 10
1002 32
1191 47
212 45
1235 32
682 32
726 45
338 32
1079 124
935 39
1153 124
826 95
802 32
1012 32
864 45
294 32
484 32
968 46
1027 46
37 32
452 32
1236 32
865 46
464 32
1162 32
366 32
1048 32
84 32
790 32
13 32
267 32
1060 46
842 32
754 32
185 32
295 32
337 32
468 95
455 47
940 32
381 32
513 32
36 32
5 32
275 32
466 45
907 47
868 32
1159 32
288 32
675 32
1106 32
339 32
943 10
44 32
562 32
1104 32
183 32
227 32
4 32
205 47
210 39
551 32
1092 32
936 32
1200 32
669 124
467 32
569 47
1030 32
429 32
72 95
1129 32
27 95
933 45
434 32
910 32
460 32
659 32
424 124
872 46
526 32
703 45
122 95
846 32
515 32
247 32
229 32
704 95
1031 96
1247 32
698 32
414 32
175 32
47 32
95 32
347 32
119 96
715 95
1036 32
722 96
1097 32
450 47
281 32
120 92
988 32
862 32
888 92
1093 96
739 32
104 32
1084 47
482 32
285 32
733 32
56 32
1025 32
264 32
1078 32
236 32
1233 32
250 39
418 39
1230 32
893 32
83 32
906 32
681 32
523 45
652 95
1087 92
1099 32
248 47
75 92
616 32
631 32
747 32
1046 32
140 32
39 32
230 32
91 32
898 32
425 92
1063 32
535 32
990 32
151 32
126 32
853 32
840 32
243 32
400 47
778 32
255 124
215 46
124 32
1016 124
889 32
1160 32
1207 10
626 95
157 32
292 32
457 32
1126 32
697 32
619 47
1134 47
389 32
442 32
330 32
46 32
679 32
322 32
1225 32
717 32
1056 32
585 32
192 32
193 32
178 32
298 46
476 32
1242 32
1228 32
358 32
824 95
103 32
710 95
784 32
94 32
554 32
684 124
909 32
1219 32
1088 32
320 47
924 95
1193 47
610 45
372 124
1208 32
725 46
836 92
445 32
504 124
1061 39
311 95
97 32
184 32
1163 32
655 92
647 32
987 46
129 32
727 39
242 32
583 10
1007 32
1259 32
360 32
899 32
96 32
1214 32
912 46
683 32
634 10
30 32
962 45
1148 32
989 32
503 32
302 32
615 32
1009 46
908 32
665 32
279 32
365 39
752 39
586 32
340 32
160 32
709 45
1145 32
107 32
525 32
685 32
1128 32
333 32
538 32
621 32
954 32
323 32
876 95
1124 32
829 32
147 32
603 92
403 32
643 32
855 32
533 32
114 124
303 46
109 32
609 45
290 32
539 32
1250 32
719 32
86 32
537 32
1108 32
830 32
960 95
58 32
1171 32
738 32
312 47
240 32
823 45
886 32
228 32
235 32
76 32
584 32
1082 47
345 32
430 10
1206 124
108 32
1183 32
1011 39
819 46
486 32
456 32
1149 32
708 95
774 32
885 32
475 32
1210 32
828 32
645 32
1064 32
324 32
758 95
1118 32
431 32
369 32
258 47
805 32
995 32
259 47
1111 32
207 32
113 32
88 10
966 46
93 32
26 95
1073 92
929 46
278 32
884 47
40 32
315 32
873 95
762 45
1 32
1003 32
310 47
919 32
1194 32
792 32
901 32
79 32
1133 92
263 32
277 32
101 32
510 32
138 32
951 32
223 32
808 32
856 47
198 32
131 32
1144 32
1232 32
170 32
732 32
721 92
428 47
421 32
64 32
304 96
660 32
270 95
1218 32
635 32
623 32
352 45
1254 80
169 95
471 39
396 32
956 32
628 41
234 32
676 47
1080 32
1053 32
974 32
18 32
593 32
797 32
1137 32
785 47
749 32
379 10
667 32
1231 32
1234 32
996 10
1212 32
1216 124
575 32
155 32
286 32
355 95
720 32
226 32
163 47
1107 32
521 96
993 32
1204 32
636 32
771 32
50 32
6 32
473 32
949 32
887 32
146 32
161 32
265 124
301 32
1187 92
986 45
180 32
1018 124
413 47
789 32
14 32
813 46
998 32
843 32
757 45
1026 32
559 32
1132 32
1184 32
662 32
1023 124
326 32
646 32
928 45
972 95
363 39
92 32
580 32
591 32
174 32
950 32
80 32
1040 32
1176 32
696 32
942 32
359 92
756 45
671 32
544 32
499 32
657 32
507 32
444 32
773 32
692 32
501 124
558 32
28 32
1119 32
1005 32
427 32
608 96
402 40
62 32
542 32
1151 32
602 32
1213 32
787 10
947 32
461 32
59 32
691 32
1123 32
977 95
506 111
168 46
847 32
1222 32
587 32
487 32
764 46
1189 47
145 32
364 45
511 59
438 32
398 32
451 32
268 32
716 95
816 47
922 46
1032 45
970 92
664 32
630 32
969 32
1020 32
760 45
260 32
404 95
141 32
149 32
576 92
927 45
488 32
1150 32
306 124
618 124
597 32
1180 32
743 32
519 95
1154 32
165 96
1044 32
831 32
1177 32
555 32
827 32
804 39
640 32
748 32
1115 32
759 45
314 32
1125 32
321 39
921 45
1019 124
12 32
443 32
383 32
291 32
325 124
874 45
384 32
871 45
767 95
377 47
772 32
376 32
32 32
0 32
624 32
479 124
284 32
930 95
905 32
705 96
833 32
512 32
532 10
746 32
164 32
595 32
411 32
65 32
1199 32
1098 32
560 32
1045 32
1157 32
167 46
517 32
1245 32
879 32
650 32
524 32
917 124
806 47
128 32
627 32
751 32
110 32
516 32
415 46
142 32
490 32
916 46
984 46
578 32
714 124
877 95
187 32
688 32
1202 32
573 46
844 32
342 32
1223 32
612 39
782 32
701 32
798 32
68 32
1192 32
718 32
43 32
31 32
454 47
356 46
367 46
370 32
799 32
99 32
1013 32
172 32
283 32
498 32
845 32
800 32
620 111
1105 32
309 47
1181 32
196 32
447 32
1075 45
579 32
1209 32
1070 45
1238 32
1142 32
556 92
1127 32
641 32
1034 32
841 32
199 32
202 39
1174 32
1068 32
737 10
611 45
700 32
238 32
1100 124
723 45
686 10
150 32
351 46
768 92
1066 32
433 32
412 124
437 32
1103 32
87 32
380 32
221 32
508 32
861 32
297 32
656 95
863 96
518 32
1221 32
1014 32
971 95
1253 95
182 32
520 95
1086 32
1139 32
711 46
796 32
246 32
638 32
272 92
897 32
835 32
809 32
9 32
1226 32
153 32
605 32
740 32
348 32
900 32
890 10
1006 32
409 46
992 32
807 32
625 92
244 32
219 95
1024 32
98 32
57 32
1178 32
596 32
287 32
1161 32
186 32
1089 32
693 32
850 32
991 32
293 32
1239 32
651 32
420 39
695 32
21 32
953 32
245 32
1147 32
71 32
978 32
622 32
644 32
1017 32
1201 32
1130 32
654 95
952 32
1146 32
493 32
1155 10
474 32
254 32
550 32
1052 32
707 95
313 47
810 32
299 47
252 32
70 92
231 32
1182 32
52 32
1055 32
1091 32
730 32
761 95
815 32
1170 32
8 32
406 95
581 124
1096 92
920 96
617 32
811 92
755 46
440 32
423 32
1198 32
2 32
818 46
77 32
1260 10
249 45
435 32
201 45
1117 32
1158 32
135 32
775 32
858 32
405 95
976 32
261 47
166 45
346 32
419 46
237 32
34 32
300 32
296 32
60 32
7 32
81 32
1041 96
923 95
465 47
837 32
23 32
594 32
561 47
11 32
781 32
439 32
41 32
677 32
1166 32
3 32
589 32
642 32
1095 32
1029 39
469 32
353 46
158 32
568 47
604 32
204 32
769 47
53 32
548 32
601 32
1121 32
1085 32
55 32
706 45
105 32
1175 32
35 32
1028 45
541 32
728 32
459 92
543 32
791 32
436 32
495 32
564 32
1109 32
981 96
391 32
1083 32
190 32
470 32
903 32
1241 32
838 10
139 32
964 47
528 32
713 39
480 32
931 95
1113 32
1156 32
882 32
878 95
1179 32
48 32
1057 32
741 32
191 32
946 32
983 45
125 32
724 46
939 32
822 95
880 32
606 32
458 32
1000 32
866 95
156 124
1185 32
1120 32
736 32
111 32
289 32
20 32
633 32
483 32
549 32
334 32
821 92
614 32
891 32
216 45
282 32
938 32
446 32
590 32
1114 32
588 32
895 32
892 32
82 32
496 32
915 45
1255 58
1010 45
745 32
670 32
448 32
130 10
600 32
786 32
945 32
51 32
967 32
567 32
206 47
744 32
477 96
394 32
63 32
857 32
812 46
85 32
1249 32
894 32
570 32
152 32
957 32
534 32
1051 32
432 32
269 32
341 32
875 45
639 32
331 32
674 32
1251 58
251 32
832 32
373 32
854 32
115 32
385 32
225 32
241 32
1116 32
765 32
566 32
15 32
913 45
814 46
329 32
116 92
834 47
982 45
763 46
276 32
144 32
1190 95
349 46
1047 124
375 32
753 32
273 32
308 47
1152 32
1021 124
1229 32
848 32
918 32
911 32
742 32
896 32
965 32
699 32
572 96
632 92
1188 95
505 124
860 32
133 32
78 32
382 32
426 32
1258 124
770 95
1244 47
1169 32
1071 92
200 47
350 39
934 45
1203 32
1076 39
766 92
262 47
328 32
222 10
224 32
731 32
213 46
547 32
1143 32
883 32
881 32
1081 32
422 32
214 32
1248 92
973 47
963 45
378 32
1049 10
233 32
494 32
134 32
218 46
852 32
136 32
530 124
361 124
1069 96
171 10
253 32
10 32
673 32
1072 47
926 96
217 45
1131 32
1220 32
