1191
753 44
370 10
669 10
1022 32
919 32
844 58
307 32
672 124
68 32
224 10
365 32
645 32
267 32
468 47
800 32
882 58
742 58
995 32
111 32
67 32
1027 32
1129 32
96 32
745 32
151 44
411 32
289 95
158 32
359 44
1025 32
23 32
19 46
857 44
598 58
982 58
901 32
343 96
85 32
997 32
741 58
699 32
284 32
615 32
1172 45
787 46
391 32
257 32
462 92
236 45
287 32
619 32
735 10
1017 10
1161 32
985 32
667 32
676 58
1145 32
392 124
863 124
715 32
668 59
1100 32
554 32
903 32
599 58
425 32
607 59
266 32
606 32
578 58
824 46
1139 32
245 47
967 32
169 32
1177 32
472 44
884 124
881 59
75 32
349 32
208 58
480 92
380 58
357 32
747 32
851 58
155 47
138 32
1115 58
911 34
316 32
521 59
304 39
268 32
456 32
81 32
201 96
966 32
190 39
918 32
794 32
885 32
272 32
306 32
968 124
276 40
711 59
1131 32
603 92
464 45
1178 32
584 32
1134 32
29 32
740 58
511 32
204 58
544 32
496 32
382 32
142 32
436 32
760 39
908 32
909 40
354 32
186 32
564 32
1155 32
970 32
1116 95
345 45
692 32
336 32
604 10
54 96
193 32
1086 32
774 58
878 32
206 124
182 39
416 10
51 32
41 32
804 10
398 96
183 32
195 32
1045 32
725 32
1047 124
763 32
841 32
106 32
484 45
779 32
167 32
798 32
796 32
707 58
935 32
862 32
1079 32
896 59
1002 124
326 47
270 32
117 32
93 96
485 94
638 32
381 39
704 32
664 58
346 32
847 59
399 45
539 45
460 32
720 32
1038 32
122 32
218 39
225 32
1149 32
1050 124
1144 32
165 32
152 32
861 32
825 32
64 32
808 58
1005 124
907 46
548 44
717 32
746 32
659 32
789 32
1148 47
63 32
986 32
314 46
337 96
433 39
18 96
1141 32
55 46
938 32
814 58
285 32
25 32
627 32
788 32
82 41
355 32
495 10
507 32
778 46
176 32
608 58
978 32
298 95
768 10
69 32
1063 32
1021 124
150 32
1130 32
305 10
689 32
329 32
1176 39
1163 32
849 34
864 44
730 32
171 124
311 39
100 32
582 32
941 32
1011 32
775 58
112 32
1067 32
1065 32
438 10
835 32
838 58
264 95
1097 32
1170 32
639 124
454 32
246 32
483 45
164 32
317 32
115 32
566 58
762 32
77 44
5 45
891 45
1121 47
437 59
1085 10
1142 124
944 58
35 32
87 32
819 32
530 58
816 32
954 32
1029 32
513 45
700 32
572 46
813 58
752 32
1119 10
915 32
43 45
331 39
990 59
8 32
322 111
207 58
822 32
906 58
673 58
571 96
705 124
850 58
476 44
505 32
49 32
736 32
540 45
757 96
1003 32
385 32
422 95
1118 124
384 32
837 124
708 58
344 45
447 95
973 59
535 96
890 45
888 32
40 32
222 45
1180 32
984 32
1165 32
408 45
1126 47
994 32
274 94
137 46
1092 124
930 32
144 32
947 96
128 32
1124 32
389 32
1039 124
324 32
118 32
362 32
956 124
120 10
1140 32
291 40
458 39
3 44
617 32
961 32
133 32
1046 32
426 32
1016 124
1113 32
739 58
723 32
996 32
1041 32
727 32
801 58
620 96
121 32
962 32
666 32
1068 32
651 32
420 46
1190 10
679 32
288 95
53 46
175 46
508 32
439 32
644 58
517 32
402 32
22 32
1051 10
534 46
309 32
675 58
840 10
898 32
413 32
13 96
785 32
925 32
948 44
611 58
241 45
605 32
338 46
465 45
912 59
782 32
560 58
751 32
1174 45
630 96
556 32
131 96
489 45
790 32
722 32
894 34
1123 32
279 44
6 46
993 32
904 32
21 32
570 32
235 94
939 32
654 58
386 32
987 124
802 58
1057 32
1153 41
1101 32
657 32
846 58
1187 39
818 32
823 58
283 32
31 32
683 32
827 58
45 10
1026 32
369 92
119 47
1147 32
546 32
1077 32
364 32
24 32
927 32
1024 124
261 32
1089 95
807 124
1185 45
358 32
1010 32
319 32
340 32
30 32
536 45
718 32
76 32
697 59
728 32
1132 32
516 32
797 59
282 32
640 58
977 32
637 32
383 96
452 32
555 32
855 32
136 44
98 32
815 32
278 95
1061 32
310 44
677 58
877 10
258 32
205 32
1035 32
2 32
587 32
553 32
91 32
441 95
28 32
960 32
253 39
86 32
332 44
401 32
883 58
376 32
665 32
826 32
333 39
292 111
414 32
312 44
831 44
323 41
232 32
614 32
269 32
767 92
1013 124
404 32
181 45
38 32
123 32
653 96
1168 32
255 32
1055 124
769 32
642 58
213 44
15 32
759 58
341 32
848 96
301 32
199 32
764 124
223 39
194 32
791 58
265 95
132 58
184 44
685 32
674 58
9 10
649 32
931 32
214 39
777 58
632 58
1099 32
328 32
1096 32
732 32
154 32
315 32
327 10
924 32
90 32
650 32
1158 45
524 32
593 58
526 32
843 59
1159 45
541 45
4 45
162 32
1146 32
999 32
900 124
180 44
94 58
33 32
899 32
226 32
156 10
61 32
975 32
211 32
197 32
296 32
933 59
1114 44
528 32
457 44
397 32
1074 58
681 32
503 44
453 47
1064 32
1109 32
1081 124
147 44
792 39
946 32
1179 32
618 32
44 46
290 40
59 32
1095 32
803 46
256 32
371 32
660 32
308 32
695 32
1156 96
1006 58
339 32
463 96
234 44
203 59
367 32
351 124
569 32
830 32
103 32
795 32
27 32
515 10
66 32
1110 32
220 32
409 46
610 58
1094 32
958 32
905 32
99 32
989 32
418 96
1036 124
461 124
424 32
160 32
897 39
477 39
1127 32
295 32
229 32
856 32
277 32
992 32
1090 95
129 32
42 44
1073 59
47 32
130 92
303 45
641 58
455 32
786 59
543 10
706 58
177 32
95 32
1048 32
320 40
744 58
991 32
1098 32
531 58
168 58
703 32
498 95
893 34
1143 32
65 32
1018 32
247 44
806 32
514 46
105 32
501 45
14 46
959 32
812 44
756 32
1162 32
922 32
127 32
442 47
440 40
873 124
1181 32
776 58
836 32
852 32
293 92
547 32
1030 32
1053 32
662 32
609 58
734 124
325 32
7 95
1076 32
281 10
1004 32
691 32
1088 47
260 32
157 32
810 58
1133 32
1043 32
228 32
163 32
275 32
502 39
134 32
1066 32
799 32
923 32
101 32
972 58
829 32
356 32
217 58
887 32
1167 32
104 32
842 32
1015 32
583 32
368 32
714 32
393 10
870 32
1120 32
212 32
594 32
867 32
590 58
482 94
719 32
932 32
216 44
1033 32
506 32
474 32
330 44
678 46
46 32
552 32
124 32
876 44
737 32
486 44
243 46
1104 95
729 32
334 32
52 96
159 32
174 58
588 32
300 32
114 39
988 32
262 32
702 10
597 96
551 32
953 59
372 32
419 44
596 32
1072 32
170 32
771 124
522 39
352 39
1154 10
631 58
656 39
510 32
481 95
1164 32
1058 124
612 58
1137 47
542 46
721 32
1080 32
600 46
189 44
248 39
892 59
1049 32
1009 32
88 32
1037 32
866 39
1169 32
110 32
784 32
1071 32
143 32
533 58
733 32
713 32
1032 32
805 32
237 46
964 32
770 32
423 32
1151 32
490 39
20 32
701 124
16 32
444 32
244 45
563 32
297 95
62 32
591 58
1166 32
34 32
624 58
26 32
492 45
871 32
390 32
874 58
828 32
443 32
116 32
520 59
937 124
400 45
1157 45
1044 32
233 32
625 32
682 32
97 92
11 32
427 32
172 58
299 32
652 32
889 96
686 32
192 32
921 59
475 95
56 32
853 32
537 45
602 32
478 10
178 32
39 32
738 124
488 44
58 46
575 32
145 32
407 58
655 58
965 32
50 32
429 32
902 32
872 32
658 32
1160 39
10 32
89 32
781 32
646 32
579 58
971 44
146 32
595 32
80 32
57 96
589 58
242 45
576 32
952 32
497 40
417 32
1188 10
943 58
670 32
12 32
950 32
976 32
73 32
929 32
487 39
998 32
529 32
448 95
1136 32
616 32
726 32
403 32
294 32
926 32
518 59
694 32
0 32
92 92
567 46
633 32
562 58
761 32
854 32
60 32
585 32
839 58
1075 32
928 32
509 32
963 32
698 32
621 58
48 32
1150 32
710 58
251 95
574 32
1091 95
1054 32
430 44
558 96
348 10
1078 32
868 96
374 32
466 124
227 32
773 58
1184 45
1028 32
754 32
396 32
1042 32
557 32
1008 32
983 10
869 58
107 32
601 32
709 58
173 58
432 44
1020 32
860 58
410 32
1112 32
302 44
467 95
519 59
377 32
188 32
1059 32
684 32
545 32
363 32
1108 124
451 39
671 32
1173 45
1023 32
335 32
1138 32
623 58
126 32
809 58
321 40
83 10
1103 47
1125 32
499 96
765 32
712 32
238 32
179 32
629 32
373 124
979 124
421 95
254 10
750 32
493 39
580 58
636 10
471 32
724 32
525 32
405 32
1070 124
945 32
191 10
141 32
523 32
37 32
378 32
647 32
84 32
239 96
139 32
1183 96
494 40
36 32
473 39
783 32
108 32
102 32
634 32
833 58
690 32
648 32
360 96
916 32
125 32
435 32
375 32
271 32
755 32
879 32
687 59
78 39
470 39
342 32
210 58
859 58
1069 32
592 58
1040 58
149 39
913 39
259 32
449 44
980 32
1000 32
196 32
500 45
628 32
772 58
395 40
1175 45
166 40
895 39
845 58
286 32
749 32
643 58
17 32
1135 32
161 32
936 32
821 32
366 32
1034 32
32 32
1087 32
415 124
1117 95
910 96
491 32
875 58
532 58
431 45
231 32
1056 32
198 32
215 32
748 32
1019 32
350 32
858 58
696 32
1083 32
693 32
920 32
219 32
951 32
934 32
479 32
688 39
469 44
1182 32
834 32
1122 32
446 44
280 39
955 32
1107 95
957 32
140 32
221 44
1152 32
1062 32
1106 95
820 32
353 32
981 32
914 10
252 44
743 58
573 10
263 40
445 96
581 96
250 32
379 44
1031 32
780 32
187 32
974 32
347 40
1093 32
200 32
273 32
1012 32
832 59
942 32
71 32
387 32
318 32
459 10
209 58
811 58
135 41
1 32
1111 32
428 32
1014 32
202 46
79 32
1001 32
758 58
565 96
568 32
1128 32
153 32
949 10
550 58
74 32
70 32
109 32
940 32
406 32
1186 45
622 58
1084 124
1007 59
1052 32
793 32
917 92
230 32
880 47
72 32
1102 32
512 96
886 32
766 32
716 32
450 45
388 32
661 32
731 41
1060 32
113 44
504 39
817 32
561 58
1189 32
969 32
586 32
549 58
613 32
185 39
1082 32
663 96
635 92
559 58
148 45
434 32
394 32
680 32
240 44
538 45
313 45
577 44
865 45
1105 95
527 32
626 32
412 32
1171 39
361 32
249 32
